25504123;41.17555;-8.622424;-0.1504897;0.718649
25504163;41.17467;-8.622449;-0.1504901;0.7186336
26122654;41.18156;-8.621898;-0.1504805;0.7187538
26122657;41.18135;-8.621083;-0.1504663;0.7187501
26122658;41.18111;-8.621108;-0.1504667;0.7187459
26122659;41.18092;-8.62128;-0.1504697;0.7187425
26122667;41.17986;-8.622005;-0.1504824;0.7187242
26122672;41.18141;-8.620761;-0.1504607;0.7187513
26122698;41.18008;-8.623898;-0.1505154;0.7187279
26122702;41.17994;-8.623465;-0.1505079;0.7187256
26122704;41.17942;-8.623314;-0.1505052;0.7187166
26122707;41.17981;-8.622421;-0.1504896;0.7187234
111647989;41.17913;-8.652233;-0.15101;0.7187113
112613566;41.18008;-8.62368;-0.1505116;0.7187279
112613564;41.17962;-8.627315;-0.150575;0.71872
112613558;41.17909;-8.632429;-0.1506643;0.7187107
112613531;41.18208;-8.647058;-0.1509196;0.7187628
112613559;41.1791;-8.632188;-0.1506601;0.7187109
112628017;41.18393;-8.640911;-0.1508123;0.7187951
112628020;41.18432;-8.641662;-0.1508255;0.718802
112631533;41.18145;-8.620421;-0.1504547;0.7187518
112632829;41.18091;-8.62268;-0.1504942;0.7187424
112632836;41.18033;-8.623503;-0.1505085;0.7187323
112633698;41.17952;-8.623425;-0.1505072;0.7187182
112633704;41.17981;-8.623525;-0.1505089;0.7187232
112633972;41.17936;-8.623131;-0.150502;0.7187153
112634552;41.17964;-8.622481;-0.1504907;0.7187203
112634554;41.17939;-8.622753;-0.1504954;0.718716
112636630;41.18163;-8.621502;-0.1504736;0.718755
112636636;41.18123;-8.621074;-0.1504661;0.7187481
112636640;41.18101;-8.621151;-0.1504675;0.7187442
112637633;41.17973;-8.622059;-0.1504833;0.7187219
112637635;41.18008;-8.621881;-0.1504802;0.7187279
112638858;41.17897;-8.622421;-0.1504896;0.7187086
112638852;41.18267;-8.622577;-0.1504924;0.7187732
112640154;41.1824;-8.622318;-0.1504878;0.7187684
112640155;41.18217;-8.622275;-0.1504871;0.7187645
112640157;41.18179;-8.622198;-0.1504857;0.7187578
112641257;41.17859;-8.622633;-0.1504933;0.718702
112641653;41.17708;-8.622351;-0.1504884;0.7186756
112643062;41.18348;-8.622808;-0.1504964;0.7187873
112643064;41.18327;-8.62267;-0.150494;0.7187836
112643065;41.18306;-8.622559;-0.150492;0.71878
114302667;41.19095;-8.62761;-0.1505802;0.7189177
114302657;41.18563;-8.624242;-0.1505214;0.7188249
114302658;41.18724;-8.625294;-0.1505398;0.718853
114302659;41.18853;-8.626172;-0.1505551;0.7188755
114302661;41.19;-8.627078;-0.1505709;0.7189011
257735089;41.17715;-8.641215;-0.1508177;0.7186768
291991212;41.18053;-8.62751;-0.1505785;0.7187359
296057068;41.1811;-8.623633;-0.1505108;0.7187457
296057070;41.18087;-8.625771;-0.1505481;0.7187417
296057078;41.18106;-8.624081;-0.1505186;0.7187451
296058430;41.18121;-8.629127;-0.1506067;0.7187476
296058425;41.18234;-8.622958;-0.150499;0.7187674
296058427;41.18184;-8.628028;-0.1505875;0.7187586
296058746;41.18732;-8.632314;-0.1506623;0.7188544
296058885;41.17941;-8.629583;-0.1506146;0.7187163
296059591;41.18053;-8.628895;-0.1506026;0.7187358
296059595;41.18509;-8.63177;-0.1506528;0.7188154
296060331;41.18714;-8.640293;-0.1508016;0.7188512
297369941;41.1796;-8.621798;-0.1504788;0.7187195
297370462;41.17976;-8.628936;-0.1506033;0.7187223
297370584;41.18029;-8.624936;-0.1505335;0.7187316
410662881;41.17752;-8.622341;-0.1504882;0.7186834
411029261;41.1711;-8.623083;-0.1505012;0.7185713
416480025;41.18092;-8.64914;-0.150956;0.7187425
430284801;41.18425;-8.616837;-0.1503922;0.7188007
430284803;41.18394;-8.617096;-0.1503967;0.7187954
430284807;41.18417;-8.6182;-0.150416;0.7187993
430284814;41.18413;-8.618965;-0.1504293;0.7187986
430284815;41.18383;-8.618949;-0.150429;0.7187935
430284817;41.18319;-8.618855;-0.1504274;0.7187823
430391854;41.18792;-8.637329;-0.1507498;0.7188647
430391863;41.18864;-8.637767;-0.1507575;0.7188774
430391864;41.18871;-8.637964;-0.1507609;0.7188787
430391868;41.18848;-8.638926;-0.1507777;0.7188746
430391869;41.18827;-8.63908;-0.1507804;0.7188709
430391870;41.18716;-8.639449;-0.1507868;0.7188516
431647245;41.18253;-8.613532;-0.1503345;0.7187707
431647254;41.18227;-8.616794;-0.1503914;0.7187662
431647259;41.18227;-8.617025;-0.1503955;0.7187662
431647261;41.18223;-8.617309;-0.1504004;0.7187655
431647262;41.18212;-8.61754;-0.1504045;0.7187635
431647264;41.182;-8.617661;-0.1504066;0.7187614
431647266;41.18183;-8.617746;-0.150408;0.7187585
431647269;41.1817;-8.617789;-0.1504088;0.7187563
431647272;41.18111;-8.617841;-0.1504097;0.7187459
431647273;41.17971;-8.618407;-0.1504196;0.7187214
434137188;41.18391;-8.617271;-0.1503998;0.7187948
434137189;41.18392;-8.617498;-0.1504037;0.7187949
434137194;41.18448;-8.618731;-0.1504252;0.7188048
434137195;41.18419;-8.619148;-0.1504325;0.7187998
434137196;41.18425;-8.619538;-0.1504393;0.7188008
434137197;41.18432;-8.619857;-0.1504449;0.718802
434137198;41.18439;-8.620076;-0.1504487;0.7188033
434137199;41.18451;-8.620247;-0.1504517;0.7188052
434137200;41.18456;-8.620317;-0.1504529;0.7188061
434137203;41.1848;-8.620898;-0.1504631;0.7188104
434137206;41.18487;-8.621677;-0.1504767;0.7188116
430284809;41.18421;-8.618583;-0.1504226;0.7188001
430284812;41.18423;-8.618708;-0.1504248;0.7188005
430284806;41.18399;-8.617714;-0.1504075;0.7187963
434137208;41.18419;-8.620665;-0.150459;0.7187998
434137202;41.18473;-8.620588;-0.1504577;0.7188091
434137207;41.18494;-8.622095;-0.150484;0.7188128
532488363;41.19089;-8.627757;-0.1505828;0.7189167
430023750;41.18617;-8.636732;-0.1507394;0.7188343
430023282;41.18912;-8.636731;-0.1507394;0.7188857
430023284;41.18756;-8.636405;-0.1507337;0.7188586
430023285;41.18698;-8.636293;-0.1507318;0.7188483
430023286;41.1867;-8.636319;-0.1507322;0.7188435
430023287;41.18652;-8.636411;-0.1507338;0.7188404
885947991;41.1857;-8.635562;-0.150719;0.718826
885948024;41.18646;-8.635671;-0.1507209;0.7188393
885948025;41.18633;-8.635671;-0.1507209;0.7188371
885948026;41.18622;-8.635692;-0.1507213;0.7188352
885948027;41.18612;-8.635777;-0.1507228;0.7188333
430023288;41.18629;-8.636614;-0.1507373;0.7188364
885948041;41.18699;-8.637966;-0.1507609;0.7188486
885948042;41.18802;-8.638181;-0.1507647;0.7188666
885948050;41.18491;-8.640476;-0.1508048;0.7188123
885948051;41.18463;-8.640627;-0.1508074;0.7188074
885948052;41.18435;-8.640756;-0.1508096;0.7188025
885948053;41.18391;-8.639951;-0.1507956;0.7187948
430023751;41.18353;-8.639275;-0.1507838;0.7187883
885947915;41.18311;-8.631184;-0.1506426;0.7187808
885947914;41.1828;-8.632378;-0.1506634;0.7187754
885947929;41.18258;-8.633063;-0.1506754;0.7187716
885947930;41.1825;-8.633192;-0.1506776;0.7187702
885947931;41.1824;-8.633245;-0.1506786;0.7187685
885947932;41.18229;-8.633256;-0.1506787;0.7187665
885947933;41.18217;-8.633213;-0.150678;0.7187644
885947934;41.18193;-8.633083;-0.1506757;0.7187604
885947935;41.18151;-8.632849;-0.1506716;0.718753
885947936;41.18115;-8.632688;-0.1506688;0.7187466
885947946;41.1823;-8.634361;-0.150698;0.7187667
885947951;41.18183;-8.633556;-0.150684;0.7187585
296058742;41.1807;-8.630209;-0.1506256;0.7187388
885947958;41.18003;-8.632183;-0.15066;0.7187271
885947960;41.18019;-8.632398;-0.1506638;0.7187299
885947916;41.1835;-8.632782;-0.1506705;0.7187877
885947967;41.18501;-8.634308;-0.1506971;0.718814
885947924;41.18495;-8.631736;-0.1506522;0.718813
885947947;41.18216;-8.63428;-0.1506966;0.7187644
885947948;41.18212;-8.63418;-0.1506949;0.7187635
885947971;41.18478;-8.63493;-0.150708;0.71881
885947972;41.18469;-8.634952;-0.1507083;0.7188084
885947973;41.18346;-8.634801;-0.1507057;0.718787
885947976;41.18411;-8.637097;-0.1507458;0.7187983
885947981;41.18431;-8.637923;-0.1507602;0.7188019
885947982;41.18337;-8.637794;-0.150758;0.7187855
885947970;41.18486;-8.634816;-0.150706;0.7188114
885947980;41.18602;-8.636119;-0.1507287;0.7188316
885947983;41.18282;-8.638346;-0.1507676;0.7187758
112652015;41.18333;-8.613437;-0.1503328;0.7187846
885948057;41.18697;-8.637822;-0.1507584;0.7188482
112628010;41.17928;-8.632215;-0.1506606;0.7187141
112628012;41.17928;-8.632421;-0.1506642;0.7187139
112628013;41.17929;-8.632584;-0.150667;0.7187141
112628014;41.17944;-8.632841;-0.1506715;0.7187167
296058743;41.18097;-8.630306;-0.1506273;0.7187436
112627998;41.18141;-8.619991;-0.1504472;0.7187511
111641067;41.18065;-8.64997;-0.1509705;0.718738
111641069;41.17931;-8.652317;-0.1510114;0.7187146
112628027;41.18221;-8.647262;-0.1509232;0.7187652
492795582;41.18128;-8.648876;-0.1509514;0.718749
112627997;41.18179;-8.619308;-0.1504353;0.7187577
112628006;41.17986;-8.626829;-0.1505666;0.7187241
112627999;41.18087;-8.621227;-0.1504688;0.7187418
742656905;41.18869;-8.626276;-0.1505569;0.7188783
1105973251;41.18523;-8.62377;-0.1505132;0.7188179
1105973252;41.18544;-8.623642;-0.150511;0.7188215
1105973256;41.18522;-8.62318;-0.1505029;0.7188177
1105973257;41.18501;-8.623749;-0.1505128;0.7188141
1105973259;41.18513;-8.622972;-0.1504993;0.7188162
1105973261;41.18552;-8.623485;-0.1505082;0.718823
1105973264;41.18542;-8.623379;-0.1505063;0.7188212
1110673477;41.1751;-8.622438;-0.1504899;0.718641
1110673551;41.1725;-8.622176;-0.1504854;0.7185957
1110673509;41.17281;-8.622167;-0.1504852;0.7186011
1110673627;41.17434;-8.622437;-0.1504899;0.7186278
1110673663;41.17155;-8.622819;-0.1504966;0.7185791
1110673697;41.17397;-8.622379;-0.1504889;0.7186213
1110673714;41.17323;-8.62222;-0.1504861;0.7186083
1105973254;41.18468;-8.623614;-0.1505105;0.7188083
1187411615;41.17969;-8.621852;-0.1504797;0.7187212
1187411596;41.1799;-8.624105;-0.150519;0.7187248
1187411630;41.18101;-8.620703;-0.1504596;0.7187442
1187411656;41.18052;-8.621871;-0.15048;0.7187357
1187411657;41.18086;-8.621089;-0.1504664;0.7187416
1187411665;41.18107;-8.62059;-0.1504577;0.7187453
112628005;41.18043;-8.622694;-0.1504944;0.7187341
26122709;41.17992;-8.624264;-0.1505218;0.7187253
297369945;41.18052;-8.621134;-0.1504672;0.7187356
297369947;41.18087;-8.620514;-0.1504564;0.7187418
297369944;41.18034;-8.621445;-0.1504726;0.7187326
112628001;41.18055;-8.622285;-0.1504873;0.7187361
112628000;41.18066;-8.621902;-0.1504806;0.7187381
112613581;41.18275;-8.61725;-0.1503994;0.7187747
431647219;41.1828;-8.616784;-0.1503913;0.7187755
112627996;41.18224;-8.618578;-0.1504226;0.7187657
1225943165;41.18103;-8.648922;-0.1509522;0.7187446
2292597549;41.18084;-8.633714;-0.1506867;0.7187413
2292597553;41.18817;-8.625257;-0.1505391;0.7188691
2292597554;41.18362;-8.632786;-0.1506705;0.7187898
2292597556;41.1861;-8.632891;-0.1506724;0.718833
2292597557;41.18472;-8.628975;-0.150604;0.7188089
2292597558;41.18374;-8.638521;-0.1507706;0.7187919
2292597562;41.18471;-8.629191;-0.1506078;0.7188088
2292597567;41.18868;-8.625332;-0.1505404;0.718878
2292597566;41.1848;-8.634562;-0.1507015;0.7188103
2292597569;41.18039;-8.634119;-0.1506938;0.7187334
2292597571;41.18489;-8.634208;-0.1506954;0.7188119
2292597573;41.18687;-8.624139;-0.1505196;0.7188466
2292597575;41.18482;-8.630464;-0.15063;0.7188107
2292597578;41.18486;-8.634082;-0.1506932;0.7188113
2292597579;41.18668;-8.624268;-0.1505219;0.7188432
2292597580;41.18477;-8.632466;-0.150665;0.7188099
2292597581;41.18341;-8.63436;-0.150698;0.7187861
2292597583;41.18445;-8.631609;-0.15065;0.7188043
2292597568;41.18394;-8.624875;-0.1505325;0.7187953
2292597574;41.18414;-8.630274;-0.1506267;0.7187989
2292597559;41.18607;-8.633223;-0.1506782;0.7188326
2292597564;41.18532;-8.633008;-0.1506744;0.7188194
2292597570;41.18628;-8.633997;-0.1506917;0.7188362
2292597585;41.18443;-8.631523;-0.1506485;0.7188039
2292597586;41.1848;-8.633419;-0.1506816;0.7188103
2292597587;41.18399;-8.62483;-0.1505317;0.7187963
2292597588;41.18488;-8.633741;-0.1506872;0.7188118
2292597590;41.1847;-8.628814;-0.1506012;0.7188086
2292597605;41.18346;-8.633223;-0.1506782;0.718787
2292597591;41.18598;-8.632411;-0.150664;0.718831
2292597592;41.1877;-8.624728;-0.1505299;0.718861
2292597595;41.1878;-8.624713;-0.1505296;0.7188628
2292597596;41.17973;-8.633375;-0.1506808;0.7187219
2292597598;41.18009;-8.633019;-0.1506746;0.7187281
2292597600;41.1848;-8.632295;-0.150662;0.7188103
2292597603;41.1867;-8.624934;-0.1505335;0.7188435
2292597604;41.18633;-8.624536;-0.1505265;0.7188371
2292597606;41.18726;-8.632996;-0.1506742;0.7188534
2292597610;41.18367;-8.632678;-0.1506687;0.7187907
2292597611;41.18396;-8.632261;-0.1506614;0.7187957
2292597613;41.18079;-8.63374;-0.1506872;0.7187405
2292597614;41.18627;-8.634238;-0.1506959;0.718836
2292597615;41.18405;-8.631508;-0.1506482;0.7187972
2292597616;41.18466;-8.624949;-0.1505338;0.7188079
2292597618;41.18766;-8.624825;-0.1505316;0.7188603
2292597621;41.18621;-8.634349;-0.1506978;0.7188349
2292597625;41.18554;-8.632328;-0.1506625;0.7188232
2292597628;41.18615;-8.634417;-0.150699;0.7188339
2292597629;41.18406;-8.632113;-0.1506588;0.7187974
2292597630;41.18789;-8.624192;-0.1505205;0.7188643
2292597632;41.18494;-8.633224;-0.1506782;0.7188128
2292597633;41.18555;-8.635088;-0.1507107;0.7188236
2292597634;41.18769;-8.624949;-0.1505338;0.7188609
2292597635;41.18411;-8.631448;-0.1506472;0.7187983
2292597637;41.18787;-8.625098;-0.1505364;0.718864
885947992;41.18556;-8.635259;-0.1507137;0.7188237
885947990;41.18594;-8.635969;-0.1507261;0.7188303
885947968;41.18495;-8.634301;-0.150697;0.7188129
885947994;41.18638;-8.634218;-0.1506955;0.7188379
2292597619;41.18536;-8.632343;-0.1506628;0.7188202
885947993;41.18605;-8.634448;-0.1506995;0.7188322
885947966;41.18561;-8.634395;-0.1506986;0.7188245
885947969;41.18488;-8.634564;-0.1507016;0.7188118
296058886;41.18367;-8.631413;-0.1506466;0.7187907
111648002;41.17865;-8.653168;-0.1510263;0.7187031
1471143869;41.17589;-8.627836;-0.1505841;0.7186549
1628753293;41.17808;-8.62433;-0.1505229;0.7186931
1628753294;41.1796;-8.623983;-0.1505169;0.7187196
1628753289;41.17808;-8.628997;-0.1506044;0.7186931
1628753284;41.17883;-8.626693;-0.1505642;0.7187061
1628753285;41.17776;-8.624567;-0.1505271;0.7186876
1628753283;41.17918;-8.623522;-0.1505089;0.7187123
1561603470;41.17436;-8.63413;-0.150694;0.7186281
1561603476;41.17442;-8.634173;-0.1506948;0.7186292
1561603489;41.17497;-8.634545;-0.1507012;0.7186388
1561603494;41.17518;-8.634681;-0.1507036;0.7186425
1561603539;41.17558;-8.634853;-0.1507066;0.7186494
1561603578;41.17593;-8.634938;-0.1507081;0.7186555
1561603594;41.17627;-8.634964;-0.1507086;0.7186615
1561603598;41.17647;-8.634955;-0.1507084;0.718665
1561603625;41.17702;-8.634851;-0.1507066;0.7186747
1561603616;41.17681;-8.628358;-0.1505933;0.7186709
1561603663;41.17725;-8.640674;-0.1508082;0.7186786
1561603673;41.17733;-8.640585;-0.1508067;0.71868
1561603731;41.17778;-8.634714;-0.1507042;0.7186879
1561603733;41.17785;-8.640431;-0.150804;0.718689
1561603770;41.17811;-8.64024;-0.1508006;0.7186936
1561603786;41.17829;-8.634622;-0.1507026;0.7186967
1561603787;41.17834;-8.640004;-0.1507965;0.7186977
1561603788;41.17835;-8.63461;-0.1507024;0.7186978
1561603789;41.17845;-8.639749;-0.1507921;0.7186996
1561603813;41.17856;-8.633629;-0.1506853;0.7187014
1561603815;41.17856;-8.639556;-0.1507887;0.7187015
1561603819;41.17866;-8.634563;-0.1507016;0.7187032
1561603821;41.17873;-8.6326;-0.1506673;0.7187043
1561603824;41.17875;-8.639396;-0.1507859;0.7187047
1561603830;41.17881;-8.632704;-0.1506691;0.7187058
1561603939;41.18013;-8.634424;-0.1506991;0.7187289
1561603840;41.17892;-8.636958;-0.1507434;0.7187077
1561603844;41.17892;-8.639097;-0.1507807;0.7187077
1561603847;41.17892;-8.638799;-0.1507755;0.7187077
1561603865;41.17892;-8.637521;-0.1507532;0.7187078
1561603868;41.17893;-8.637738;-0.150757;0.7187079
1561603887;41.17907;-8.633385;-0.150681;0.7187104
1561603891;41.1793;-8.634439;-0.1506994;0.7187144
1561603896;41.17957;-8.637806;-0.1507581;0.7187191
1561603920;41.1796;-8.637232;-0.1507481;0.7187195
1561603923;41.1796;-8.638339;-0.1507675;0.7187195
1561603929;41.17962;-8.633606;-0.1506848;0.71872
1561603932;41.17972;-8.637733;-0.1507569;0.7187217
1561603935;41.17984;-8.638229;-0.1507655;0.7187238
1561603937;41.17998;-8.641827;-0.1508283;0.7187262
1561603940;41.18005;-8.637033;-0.1507447;0.7187275
1561603946;41.18011;-8.637001;-0.1507441;0.7187286
1561603948;41.18018;-8.63697;-0.1507436;0.7187298
1561603951;41.18019;-8.637539;-0.1507535;0.71873
1561603953;41.18024;-8.637702;-0.1507563;0.7187307
1561603954;41.18031;-8.638026;-0.150762;0.718732
1561603955;41.18033;-8.636869;-0.1507418;0.7187324
1561603956;41.18043;-8.637464;-0.1507522;0.7187341
1561603957;41.18044;-8.637425;-0.1507515;0.7187343
1561603958;41.18047;-8.637587;-0.1507543;0.7187347
1561603959;41.18047;-8.637954;-0.1507607;0.7187349
1561603960;41.18049;-8.637579;-0.1507542;0.7187351
1561603962;41.18064;-8.637856;-0.150759;0.7187378
1561603976;41.18064;-8.636535;-0.150736;0.7187378
1561603978;41.18072;-8.636468;-0.1507348;0.7187391
1561603980;41.18089;-8.636315;-0.1507321;0.718742
1561603981;41.1809;-8.640369;-0.1508029;0.7187423
1561603982;41.18095;-8.63625;-0.150731;0.7187433
1561603983;41.18097;-8.63693;-0.1507429;0.7187435
1561603984;41.18099;-8.636271;-0.1507314;0.7187439
1561603986;41.181;-8.636004;-0.1507267;0.718744
1561603988;41.181;-8.636132;-0.1507289;0.7187441
1561603990;41.18102;-8.636257;-0.1507311;0.7187445
1561604011;41.1811;-8.636284;-0.1507316;0.7187458
1561604028;41.18119;-8.63733;-0.1507498;0.7187474
1561604030;41.18121;-8.636386;-0.1507334;0.7187476
1561604034;41.18128;-8.637504;-0.1507529;0.718749
1561604110;41.18246;-8.63827;-0.1507663;0.7187696
1561621078;41.18001;-8.624153;-0.1505199;0.7187268
1561621039;41.17929;-8.629529;-0.1506137;0.7187141
1561621040;41.17938;-8.629826;-0.1506189;0.7187158
1561621043;41.17944;-8.629326;-0.1506101;0.7187167
1561621045;41.17948;-8.628778;-0.1506006;0.7187175
1561621048;41.17949;-8.628994;-0.1506044;0.7187178
1561621050;41.17951;-8.629078;-0.1506058;0.718718
1561621053;41.17954;-8.62909;-0.150606;0.7187186
1561621058;41.17957;-8.629077;-0.1506058;0.7187191
1561621060;41.17958;-8.629398;-0.1506114;0.7187192
1561621083;41.18056;-8.621629;-0.1504758;0.7187365
1561621085;41.18071;-8.621232;-0.1504689;0.7187389
1561621087;41.18076;-8.621055;-0.1504658;0.7187399
1561621092;41.18114;-8.620151;-0.15045;0.7187464
1561621097;41.18122;-8.620392;-0.1504542;0.7187479
1561621101;41.18137;-8.623323;-0.1505054;0.7187504
1561621103;41.18139;-8.622835;-0.1504969;0.7187508
1561621110;41.18168;-8.622852;-0.1504972;0.718756
1561621113;41.18174;-8.62338;-0.1505064;0.718757
1561621117;41.18208;-8.622877;-0.1504976;0.7187628
1561621129;41.18258;-8.622917;-0.1504983;0.7187716
1561621132;41.18265;-8.627158;-0.1505723;0.7187728
1561621138;41.18286;-8.623009;-0.1504999;0.7187765
1561621144;41.18294;-8.623214;-0.1505035;0.7187778
1561621148;41.18306;-8.623057;-0.1505007;0.71878
1561621158;41.18319;-8.623597;-0.1505102;0.7187822
1561621162;41.18334;-8.623144;-0.1505023;0.7187849
1561621164;41.18361;-8.623247;-0.1505041;0.7187896
1561621169;41.18377;-8.624577;-0.1505273;0.7187924
1561621173;41.18385;-8.623411;-0.1505069;0.7187937
1561621176;41.1839;-8.624803;-0.1505312;0.7187946
1561621181;41.18393;-8.625061;-0.1505357;0.7187952
1561621197;41.18411;-8.623552;-0.1505094;0.7187983
1561621198;41.18426;-8.623614;-0.1505105;0.718801
1561621201;41.18451;-8.623744;-0.1505127;0.7188054
1561621202;41.18476;-8.623905;-0.1505155;0.7188097
1561621204;41.18502;-8.624075;-0.1505185;0.7188142
1561621206;41.18522;-8.624223;-0.1505211;0.7188177
1561621210;41.18538;-8.624313;-0.1505227;0.7188205
1561621214;41.18545;-8.624311;-0.1505226;0.7188216
1561621228;41.18555;-8.624399;-0.1505242;0.7188235
1561621231;41.18567;-8.624559;-0.150527;0.7188255
1561621236;41.18579;-8.624795;-0.1505311;0.7188277
1561621239;41.18597;-8.625088;-0.1505362;0.7188309
1561621242;41.18602;-8.625182;-0.1505378;0.7188317
1561621244;41.18606;-8.626411;-0.1505593;0.7188323
1561621246;41.18623;-8.625573;-0.1505447;0.7188352
1561621248;41.18647;-8.626256;-0.1505566;0.7188395
1561621250;41.18664;-8.62624;-0.1505563;0.7188424
1561621252;41.18679;-8.626521;-0.1505612;0.7188451
291991193;41.17979;-8.627476;-0.1505779;0.7187229
1561621100;41.18122;-8.62792;-0.1505856;0.718748
1670426580;41.18362;-8.628385;-0.1505937;0.7187897
1670426581;41.18993;-8.62825;-0.1505914;0.7188999
1670426582;41.1909;-8.628773;-0.1506005;0.7189167
1670426583;41.1875;-8.627792;-0.1505834;0.7188575
1670426587;41.18973;-8.628196;-0.1505904;0.7188964
1670426592;41.1872;-8.62791;-0.1505854;0.7188523
1670426593;41.187;-8.627992;-0.1505869;0.7188488
1670426596;41.18684;-8.628055;-0.150588;0.7188459
1670426597;41.19063;-8.62861;-0.1505976;0.7189121
1670426598;41.18951;-8.628183;-0.1505902;0.7188926
1670426599;41.18388;-8.62956;-0.1506142;0.7187942
1670426600;41.19108;-8.628916;-0.150603;0.7189199
1670426601;41.18924;-8.628181;-0.1505902;0.7188879
1670426604;41.18912;-8.628167;-0.1505899;0.7188857
1670426607;41.1889;-8.628065;-0.1505881;0.7188818
1670426608;41.18866;-8.627958;-0.1505863;0.7188778
1670426609;41.18678;-8.628118;-0.1505891;0.718845
1670426611;41.19045;-8.628511;-0.1505959;0.718909
1670426612;41.18671;-8.628249;-0.1505914;0.7188437
1670426614;41.1867;-8.628282;-0.1505919;0.7188435
1670426615;41.1885;-8.627897;-0.1505852;0.7188749
1670426616;41.18827;-8.627833;-0.1505841;0.718871
1670426617;41.18662;-8.628346;-0.1505931;0.7188421
1670426618;41.19025;-8.628395;-0.1505939;0.7189056
1670426620;41.1881;-8.627785;-0.1505833;0.718868
1670426621;41.18643;-8.628481;-0.1505954;0.7188388
1670426624;41.18765;-8.627751;-0.1505827;0.7188601
1670426625;41.18575;-8.628927;-0.1506032;0.7188268
1670426626;41.18779;-8.627747;-0.1505826;0.7188625
1670426627;41.19011;-8.628319;-0.1505926;0.7189031
1670426628;41.18743;-8.627431;-0.1505771;0.7188562
1670426629;41.18588;-8.628846;-0.1506018;0.7188293
1670426630;41.18626;-8.628592;-0.1505973;0.7188358
1670426631;41.18596;-8.628788;-0.1506008;0.7188306
1670426632;41.18768;-8.627701;-0.1505818;0.7188606
1670426634;41.18776;-8.627743;-0.1505825;0.718862
1670426635;41.18763;-8.627656;-0.150581;0.7188598
1670426636;41.18686;-8.626658;-0.1505636;0.7188464
1670426638;41.1839;-8.627186;-0.1505728;0.7187947
1670426639;41.18542;-8.629039;-0.1506051;0.7188211
1670426640;41.18698;-8.626822;-0.1505665;0.7188483
1670426641;41.18727;-8.627231;-0.1505736;0.7188535
1670426642;41.18559;-8.628955;-0.1506037;0.7188242
1670426644;41.18409;-8.627174;-0.1505726;0.718798
1670426647;41.18529;-8.62909;-0.150606;0.718819
1670426648;41.18509;-8.629187;-0.1506077;0.7188153
1670426649;41.18493;-8.629229;-0.1506085;0.7188126
1670426650;41.18448;-8.627172;-0.1505726;0.7188048
1670426652;41.18471;-8.629247;-0.1506088;0.7188088
1670426653;41.18488;-8.627156;-0.1505723;0.7188118
1670426654;41.18507;-8.627105;-0.1505714;0.7188151
1670426655;41.18454;-8.629374;-0.150611;0.7188059
1670426656;41.18529;-8.626933;-0.1505684;0.7188188
1670426657;41.18435;-8.629679;-0.1506163;0.7188026
1670426658;41.18431;-8.629744;-0.1506174;0.7188018
1670426662;41.18463;-8.629277;-0.1506093;0.7188073
1670426663;41.18419;-8.629943;-0.1506209;0.7187997
1670426665;41.18406;-8.63018;-0.1506251;0.7187974
1670426667;41.18401;-8.630133;-0.1506242;0.7187965
1670426588;41.18359;-8.62825;-0.1505914;0.7187892
1670426603;41.18367;-8.627321;-0.1505752;0.7187907
1670426613;41.18372;-8.627203;-0.1505731;0.7187915
296058969;41.18401;-8.630298;-0.1506271;0.7187966
296059321;41.18371;-8.628759;-0.1506003;0.7187914
1670512000;41.19148;-8.633415;-0.1506815;0.7189269
26122679;41.18178;-8.622381;-0.1504889;0.7187577
114302729;41.18469;-8.62381;-0.1505139;0.7188085
114302732;41.18774;-8.625837;-0.1505493;0.7188618
114302737;41.1889;-8.626529;-0.1505613;0.718882
114302741;41.18955;-8.626948;-0.1505686;0.7188932
114302744;41.19053;-8.627556;-0.1505793;0.7189103
1561621208;41.18518;-8.624129;-0.1505194;0.718817
26122652;41.18642;-8.624937;-0.1505335;0.7188386
1670607189;41.18698;-8.637143;-0.1507466;0.7188483
1670607192;41.18718;-8.638783;-0.1507752;0.718852
1670607199;41.18803;-8.635927;-0.1507254;0.7188668
1670607204;41.18808;-8.638279;-0.1507664;0.7188677
1670607208;41.1881;-8.638207;-0.1507652;0.718868
1670607227;41.18811;-8.63738;-0.1507507;0.7188682
1670607242;41.18869;-8.638568;-0.1507715;0.7188783
430023280;41.18933;-8.636779;-0.1507402;0.7188894
430023283;41.18827;-8.636559;-0.1507364;0.718871
430391851;41.18714;-8.637187;-0.1507473;0.7188511
430391856;41.18823;-8.637403;-0.1507511;0.7188702
430391862;41.18845;-8.637515;-0.1507531;0.718874
430391866;41.18873;-8.638396;-0.1507685;0.7188789
430391867;41.18862;-8.638749;-0.1507746;0.7188771
885948017;41.18835;-8.635981;-0.1507263;0.7188723
885948043;41.1881;-8.638243;-0.1507658;0.718868
885948044;41.188;-8.638338;-0.1507674;0.7188662
885948045;41.18717;-8.638627;-0.1507725;0.7188517
885948056;41.18874;-8.638194;-0.1507649;0.7188792
411029260;41.17091;-8.623017;-0.1505;0.7185679
1728072173;41.19062;-8.633163;-0.1506771;0.7189119
430023258;41.19015;-8.633013;-0.1506745;0.7189038
430023257;41.18877;-8.63267;-0.1506685;0.7188796
411029262;41.1713;-8.623049;-0.1505006;0.7185746
1801521160;41.18221;-8.646827;-0.1509156;0.7187651
1801521171;41.1827;-8.638473;-0.1507698;0.7187737
1801521209;41.18326;-8.622396;-0.1504892;0.7187835
1801521233;41.18348;-8.639902;-0.1507947;0.7187873
1801521281;41.18391;-8.620829;-0.1504618;0.7187948
1801521290;41.18398;-8.620756;-0.1504606;0.718796
1801521302;41.18411;-8.62067;-0.1504591;0.7187983
112613532;41.18261;-8.646141;-0.1509036;0.7187721
112613533;41.18413;-8.642933;-0.1508476;0.7187986
112613538;41.18422;-8.642676;-0.1508432;0.7188003
112613540;41.18427;-8.642365;-0.1508377;0.7188011
112613542;41.18425;-8.64205;-0.1508322;0.7188008
112613546;41.18415;-8.641681;-0.1508258;0.7187989
112628019;41.18422;-8.64142;-0.1508212;0.7188002
112628022;41.18439;-8.642004;-0.1508314;0.7188033
112628023;41.18441;-8.642391;-0.1508382;0.7188036
112628024;41.18437;-8.642746;-0.1508444;0.7188029
112628025;41.18428;-8.643044;-0.1508496;0.7188014
112628026;41.18278;-8.64622;-0.150905;0.7187752
296060854;41.18257;-8.646638;-0.1509123;0.7187715
885947984;41.1834;-8.639382;-0.1507857;0.7187858
885948003;41.18262;-8.638548;-0.1507711;0.7187724
885948054;41.18327;-8.639513;-0.1507879;0.7187836
885948055;41.18395;-8.640754;-0.1508096;0.7187955
1929265698;41.19199;-8.633574;-0.1506843;0.7189358
1837851182;41.18102;-8.649354;-0.1509597;0.7187443
1837851206;41.18193;-8.647758;-0.1509318;0.7187603
111647995;41.17877;-8.652868;-0.151021;0.7187051
1353862687;41.17929;-8.651947;-0.151005;0.7187143
297369936;41.1787;-8.619362;-0.1504362;0.7187039
1837927571;41.17877;-8.618606;-0.150423;0.7187052
1942879413;41.19231;-8.633652;-0.1506857;0.7189415
280065295;41.19009;-8.632998;-0.1506742;0.7189026
2169195453;41.17873;-8.621326;-0.1504705;0.7187045
2169195460;41.17933;-8.621561;-0.1504746;0.7187149
2169195468;41.17869;-8.621497;-0.1504735;0.7187037
2169195476;41.17892;-8.622087;-0.1504838;0.7187077
2169195480;41.17864;-8.621538;-0.1504742;0.7187029
2169195484;41.17868;-8.620746;-0.1504604;0.7187035
2169195504;41.17849;-8.621635;-0.1504759;0.7187002
2169195506;41.17864;-8.621051;-0.1504657;0.7187028
2169195509;41.17908;-8.620422;-0.1504548;0.7187105
2169195512;41.17892;-8.620542;-0.1504568;0.7187077
2169195515;41.17857;-8.621591;-0.1504751;0.7187017
2169195518;41.17892;-8.620306;-0.1504527;0.7187077
2169195521;41.17862;-8.620923;-0.1504635;0.7187026
2169195527;41.17843;-8.621656;-0.1504763;0.7186992
2169195531;41.17876;-8.620668;-0.1504591;0.7187049
2169195535;41.17863;-8.620824;-0.1504618;0.7187027
2169195543;41.17873;-8.621258;-0.1504693;0.7187043
2169195547;41.17904;-8.620318;-0.1504529;0.7187098
2169195551;41.17872;-8.621398;-0.1504718;0.7187042
2169195573;41.17869;-8.621139;-0.1504672;0.7187037
2169195488;41.17828;-8.618808;-0.1504266;0.7186965
2169195539;41.17929;-8.621989;-0.1504821;0.7187141
2169195464;41.17946;-8.621682;-0.1504767;0.7187172
2169195472;41.1794;-8.621884;-0.1504803;0.7187161
2169195576;41.1791;-8.62206;-0.1504833;0.7187109
2169195524;41.17867;-8.622121;-0.1504844;0.7187033
2169195570;41.1783;-8.622293;-0.1504874;0.718697
2380495263;41.19118;-8.628979;-0.1506041;0.7189218
2292597584;41.18775;-8.623978;-0.1505168;0.7188618
2292597555;41.1876;-8.623935;-0.1505161;0.7188593
1670426659;41.1857;-8.626642;-0.1505633;0.7188261
434137204;41.18489;-8.621234;-0.1504689;0.7188119
1670426589;41.1898;-8.628206;-0.1505906;0.7188976
1670426595;41.18948;-8.628186;-0.1505903;0.718892
430023263;41.189;-8.63158;-0.1506495;0.7188836
434137201;41.18467;-8.620426;-0.1504548;0.7188082
434137205;41.18488;-8.621462;-0.1504729;0.7188118
1561621066;41.17964;-8.628811;-0.1506012;0.7187203
112628007;41.17955;-8.629645;-0.1506157;0.7187188
2485736722;41.1787;-8.617529;-0.1504043;0.7187038
2485736723;41.179;-8.617409;-0.1504022;0.7187092
2485736724;41.17861;-8.618614;-0.1504232;0.7187024
431647237;41.17846;-8.61767;-0.1504067;0.7186996
431647288;41.17896;-8.617384;-0.1504017;0.7187085
431647290;41.17902;-8.617483;-0.1504035;0.7187094
431647293;41.17908;-8.618349;-0.1504186;0.7187105
431647238;41.17859;-8.618458;-0.1504205;0.718702
431647274;41.17918;-8.618478;-0.1504208;0.7187123
2486315099;41.17921;-8.623538;-0.1505091;0.7187128
2486315102;41.17914;-8.623528;-0.150509;0.7187116
2486315105;41.17963;-8.624062;-0.1505183;0.7187202
2486315108;41.17957;-8.624331;-0.150523;0.718719
2486315110;41.17992;-8.624397;-0.1505241;0.7187253
2486315128;41.18;-8.62342;-0.1505071;0.7187265
2486315131;41.17987;-8.623508;-0.1505086;0.7187243
2486315133;41.17972;-8.623523;-0.1505089;0.7187217
2486315136;41.17935;-8.622897;-0.1504979;0.7187153
2486315138;41.17944;-8.622663;-0.1504938;0.7187168
2486315142;41.17816;-8.62253;-0.1504915;0.7186945
2486315146;41.17998;-8.623985;-0.1505169;0.7187263
2486315153;41.18027;-8.623647;-0.150511;0.7187313
2486315155;41.18022;-8.623823;-0.1505141;0.7187304
2486315159;41.18049;-8.623158;-0.1505025;0.7187351
2486315161;41.18106;-8.622583;-0.1504925;0.7187452
2486315164;41.18384;-8.623194;-0.1505031;0.7187936
2486315168;41.1816;-8.621802;-0.1504788;0.7187545
2486315171;41.18159;-8.621379;-0.1504714;0.7187544
2486315174;41.18141;-8.621128;-0.1504671;0.7187513
2486315177;41.1815;-8.621975;-0.1504818;0.7187528
2486315179;41.18139;-8.622069;-0.1504835;0.7187508
2486315185;41.18136;-8.620658;-0.1504589;0.7187504
2486315188;41.18186;-8.621607;-0.1504754;0.7187591
2486315192;41.18213;-8.622013;-0.1504825;0.7187638
1628753295;41.17963;-8.624139;-0.1505196;0.7187201
26122703;41.17961;-8.623492;-0.1505083;0.7187198
26122705;41.17934;-8.623014;-0.1505;0.7187151
26122706;41.17951;-8.622561;-0.1504921;0.7187181
26122687;41.17875;-8.622753;-0.1504954;0.7187048
26122684;41.17841;-8.62256;-0.1504921;0.7186989
112641245;41.1775;-8.622516;-0.1504913;0.718683
112640768;41.17703;-8.622534;-0.1504916;0.7186748
26122693;41.17982;-8.623949;-0.1505163;0.7187234
26122697;41.17992;-8.623983;-0.1505169;0.7187252
112632832;41.18058;-8.623022;-0.1505001;0.7187368
26122682;41.18042;-8.623297;-0.1505049;0.7187338
26122681;41.18073;-8.622842;-0.150497;0.7187394
26122680;41.18122;-8.622524;-0.1504914;0.7187479
112638854;41.18128;-8.622365;-0.1504887;0.718749
112638853;41.18226;-8.622462;-0.1504904;0.718766
112642518;41.1834;-8.622903;-0.150498;0.718786
112642521;41.18303;-8.622725;-0.1504949;0.7187794
1561621199;41.18426;-8.623498;-0.1505084;0.7188009
26122655;41.18163;-8.621669;-0.1504765;0.7187551
26122656;41.18155;-8.621271;-0.1504696;0.7187536
112636633;41.18148;-8.621183;-0.150468;0.7187525
112636627;41.18146;-8.622024;-0.1504827;0.718752
112630797;41.18131;-8.620588;-0.1504577;0.7187494
26122673;41.1816;-8.621129;-0.1504671;0.7187545
26122677;41.18201;-8.621868;-0.15048;0.7187617
26122678;41.18237;-8.622204;-0.1504858;0.7187679
112640152;41.18274;-8.622414;-0.1504895;0.7187743
112636626;41.1813;-8.622113;-0.1504843;0.7187493
2486710616;41.17944;-8.621789;-0.1504786;0.7187167
2486710617;41.17935;-8.62195;-0.1504814;0.7187153
2486710618;41.1792;-8.62203;-0.1504828;0.7187127
2486710619;41.17966;-8.622085;-0.1504838;0.7187207
2486710620;41.17958;-8.622106;-0.1504841;0.7187192
2486710621;41.1795;-8.622109;-0.1504842;0.7187178
2486710622;41.17941;-8.622113;-0.1504843;0.7187163
2486710623;41.17932;-8.622121;-0.1504844;0.7187147
2486710624;41.17918;-8.622132;-0.1504846;0.7187123
2486710625;41.179;-8.62214;-0.1504847;0.7187092
2486710626;41.17875;-8.622148;-0.1504849;0.7187048
2486710628;41.17801;-8.622192;-0.1504856;0.7186919
2486710629;41.17769;-8.622231;-0.1504863;0.7186863
2486710630;41.1774;-8.622265;-0.1504869;0.7186812
2486710633;41.18067;-8.621122;-0.150467;0.7187383
2486710634;41.18061;-8.621778;-0.1504784;0.7187372
2486710635;41.18058;-8.621856;-0.1504798;0.7187366
2486710636;41.18053;-8.62196;-0.1504816;0.7187359
2486710637;41.18131;-8.619821;-0.1504443;0.7187495
2486710638;41.18114;-8.620066;-0.1504485;0.7187465
2486710639;41.18167;-8.619587;-0.1504402;0.7187558
2486710640;41.18147;-8.619537;-0.1504393;0.7187521
2486710641;41.18158;-8.619408;-0.150437;0.7187542
2486710642;41.18131;-8.619829;-0.1504444;0.7187494
2486710643;41.18021;-8.622888;-0.1504978;0.7187302
112640159;41.18148;-8.622187;-0.1504855;0.7187525
26122708;41.1798;-8.625788;-0.1505484;0.7187231
112637638;41.1804;-8.621549;-0.1504744;0.7187337
26122668;41.18023;-8.621749;-0.1504779;0.7187306
26122669;41.18054;-8.621345;-0.1504709;0.718736
26122670;41.18076;-8.620958;-0.1504641;0.7187397
297369946;41.18069;-8.620822;-0.1504617;0.7187387
1561621080;41.18045;-8.622086;-0.1504838;0.7187344
112613570;41.18042;-8.622195;-0.1504857;0.718734
112613574;41.1809;-8.62087;-0.1504626;0.7187423
26122712;41.18127;-8.620031;-0.1504479;0.7187487
26122676;41.18154;-8.619866;-0.150445;0.7187535
26122675;41.18147;-8.620181;-0.1504505;0.7187522
26122674;41.18147;-8.620681;-0.1504593;0.7187522
112613567;41.18032;-8.62259;-0.1504926;0.7187321
26122700;41.18028;-8.62272;-0.1504948;0.7187315
2486315125;41.18006;-8.623347;-0.1505058;0.7187276
26122699;41.18013;-8.623793;-0.1505136;0.7187288
2486315150;41.18018;-8.623772;-0.1505132;0.7187297
26122848;41.18007;-8.624591;-0.1505275;0.7187278
112629313;41.18037;-8.62291;-0.1504982;0.7187331
112640162;41.17979;-8.622232;-0.1504864;0.718723
26122665;41.17899;-8.622269;-0.150487;0.7187089
112640161;41.18034;-8.622231;-0.1504863;0.7187325
26122653;41.18098;-8.622212;-0.150486;0.7187437
1561603893;41.1795;-8.634262;-0.1506963;0.7187179
1561603884;41.17905;-8.634491;-0.1507003;0.7187101
1561603881;41.17902;-8.633696;-0.1506864;0.7187095
1561603876;41.17903;-8.634314;-0.1506972;0.7187096
1561603879;41.17898;-8.633974;-0.1506913;0.7187088
1561603828;41.17879;-8.633693;-0.1506864;0.7187054
1561603889;41.17908;-8.633165;-0.1506772;0.7187105
1561603873;41.179;-8.632798;-0.1506708;0.7187091
1561603871;41.17897;-8.63273;-0.1506696;0.7187086
1561603826;41.17878;-8.632487;-0.1506653;0.7187052
1561603833;41.17884;-8.632496;-0.1506655;0.7187064
1561603837;41.17892;-8.632593;-0.1506672;0.7187077
1561603783;41.17819;-8.633647;-0.1506856;0.718695
1668824904;41.19294;-8.633804;-0.1506883;0.7189524
422548043;41.17911;-8.652652;-0.1510173;0.7187111
111648004;41.17848;-8.653752;-0.1510365;0.7187001
112613557;41.17912;-8.632622;-0.1506677;0.7187112
112613556;41.17921;-8.632814;-0.150671;0.7187127
1561621184;41.18396;-8.623364;-0.1505061;0.7187957
1110673647;41.17212;-8.622351;-0.1504884;0.7185891
25504120;41.17624;-8.622593;-0.1504926;0.7186609
2486315181;41.18122;-8.620547;-0.1504569;0.7187479
2486710632;41.17817;-8.622179;-0.1504854;0.7186947
2486710631;41.1762;-8.622409;-0.1504894;0.7186602
1561604026;41.18119;-8.636123;-0.1507288;0.7187473
2169195501;41.17947;-8.621594;-0.1504752;0.7187173
297369940;41.17951;-8.621709;-0.1504772;0.718718
1561621115;41.18192;-8.627081;-0.150571;0.7187601
1561621135;41.18283;-8.626085;-0.1505536;0.7187759
1561621142;41.18288;-8.625508;-0.1505435;0.7187768
1561621147;41.18302;-8.626121;-0.1505542;0.7187793
1561621149;41.18307;-8.625535;-0.150544;0.7187803
1561621171;41.18381;-8.626244;-0.1505564;0.7187931
1670426619;41.1835;-8.628351;-0.1505931;0.7187877
1670426623;41.18374;-8.627115;-0.1505716;0.7187918
1670426669;41.18377;-8.627333;-0.1505754;0.7187923
1670426670;41.18368;-8.628262;-0.1505916;0.7187908
296057110;41.18219;-8.624304;-0.1505225;0.7187649
296058426;41.18204;-8.625964;-0.1505515;0.7187622
296058428;41.18174;-8.629025;-0.1506049;0.7187569
296058429;41.18156;-8.629234;-0.1506086;0.7187539
296059590;41.18045;-8.628844;-0.1506017;0.7187345
297370463;41.18022;-8.629036;-0.1506051;0.7187304
297370465;41.18039;-8.62895;-0.1506036;0.7187334
297370586;41.18095;-8.625067;-0.1505358;0.7187433
885947957;41.18002;-8.631976;-0.1506564;0.7187269
885947959;41.1801;-8.632335;-0.1506627;0.7187284
1561603680;41.17739;-8.634787;-0.1507055;0.718681
2292597576;41.18169;-8.633588;-0.1506845;0.718756
2292597620;41.18633;-8.633259;-0.1506788;0.718837
2292597622;41.18336;-8.634347;-0.1506978;0.7187853
2292597623;41.18722;-8.633385;-0.150681;0.7188526
430023260;41.18906;-8.631243;-0.1506436;0.7188847
885947918;41.18483;-8.632943;-0.1506733;0.7188108
885947945;41.18336;-8.634469;-0.1506999;0.7187852
885947963;41.18535;-8.633107;-0.1506761;0.7188199
885947974;41.18336;-8.634741;-0.1507047;0.7187852
885947975;41.18334;-8.634661;-0.1507033;0.7187849
885947962;41.18738;-8.633422;-0.1506816;0.7188554
1670607194;41.18771;-8.634412;-0.1506989;0.7188611
1670607232;41.1882;-8.634506;-0.1507006;0.7188697
1670607236;41.18861;-8.634793;-0.1507056;0.7188768
1670607273;41.1894;-8.635129;-0.1507114;0.7188905
1670607276;41.18942;-8.634709;-0.1507041;0.718891
1670607277;41.18943;-8.633876;-0.1506896;0.7188912
1670607279;41.18944;-8.634327;-0.1506974;0.7188913
885947964;41.1874;-8.634342;-0.1506977;0.7188557
885947965;41.18866;-8.633607;-0.1506849;0.7188777
885947985;41.18936;-8.635357;-0.1507154;0.7188899
885947986;41.18945;-8.63398;-0.1506914;0.7188915
885947987;41.18937;-8.633801;-0.1506882;0.7188901
885947988;41.18928;-8.633771;-0.1506877;0.7188886
885947989;41.18761;-8.63345;-0.1506821;0.7188594
885947995;41.18805;-8.634459;-0.1506997;0.718867
885947996;41.18839;-8.634618;-0.1507025;0.718873
885947997;41.1885;-8.634709;-0.1507041;0.718875
885947999;41.18867;-8.634868;-0.1507069;0.718878
885948000;41.18882;-8.635047;-0.15071;0.7188805
112652017;41.18291;-8.617283;-0.1504;0.7187775
112652018;41.18287;-8.617503;-0.1504038;0.7187767
112652019;41.18274;-8.617751;-0.1504081;0.7187744
1187411650;41.18018;-8.621594;-0.1504752;0.7187297
1561604006;41.1811;-8.635802;-0.1507232;0.7187457
1561604021;41.18113;-8.636013;-0.1507269;0.7187462
1561604053;41.18132;-8.636193;-0.15073;0.7187497
1561604066;41.18204;-8.638585;-0.1507718;0.7187623
1561604072;41.18213;-8.638389;-0.1507683;0.7187636
1561604074;41.18218;-8.638502;-0.1507703;0.7187647
1561604076;41.18213;-8.638057;-0.1507625;0.7187638
1561604104;41.18222;-8.63783;-0.1507586;0.7187654
1561604105;41.18232;-8.638163;-0.1507644;0.718767
1561604109;41.18239;-8.638532;-0.1507708;0.7187684
2292597582;41.18024;-8.634268;-0.1506964;0.7187307
2292597589;41.18351;-8.633229;-0.1506783;0.7187878
297369942;41.17981;-8.62185;-0.1504797;0.7187232
297369943;41.17999;-8.621749;-0.1504779;0.7187265
430391847;41.18668;-8.6373;-0.1507493;0.7188432
430391849;41.18684;-8.63714;-0.1507465;0.718846
885947977;41.18444;-8.637632;-0.1507551;0.718804
885947978;41.18451;-8.637774;-0.1507576;0.7188052
885947979;41.18471;-8.638141;-0.150764;0.7188088
2583954419;41.17946;-8.629609;-0.1506151;0.7187172
2595671212;41.18888;-8.631102;-0.1506411;0.7188815
2595671214;41.18707;-8.628879;-0.1506023;0.7188499
2595671215;41.18611;-8.62762;-0.1505804;0.7188332
2595671218;41.18722;-8.629066;-0.1506056;0.7188526
2595671219;41.18726;-8.630933;-0.1506382;0.7188534
2595671225;41.18706;-8.630305;-0.1506272;0.7188498
2595671231;41.18732;-8.630958;-0.1506386;0.7188543
2595671232;41.18914;-8.62987;-0.1506197;0.7188861
2595671233;41.18806;-8.631161;-0.1506422;0.7188674
2595671235;41.18621;-8.62382;-0.1505141;0.7188351
2595671237;41.18743;-8.626314;-0.1505576;0.7188562
2595671244;41.18876;-8.629804;-0.1506185;0.7188794
2595671246;41.18654;-8.624291;-0.1505223;0.7188408
2595671247;41.18799;-8.631126;-0.1506416;0.718866
2595671228;41.18745;-8.62928;-0.1506093;0.7188566
2595671251;41.18719;-8.630799;-0.1506359;0.7188522
2595671261;41.18853;-8.630879;-0.1506373;0.7188754
2595671262;41.18645;-8.624247;-0.1505215;0.7188391
2595671263;41.18816;-8.631223;-0.1506433;0.7188689
2595671272;41.18716;-8.629493;-0.1506131;0.7188516
2595671274;41.18744;-8.626033;-0.1505527;0.7188563
2595671276;41.18838;-8.631418;-0.1506467;0.7188728
2595671282;41.18901;-8.631204;-0.1506429;0.7188838
2595671284;41.18891;-8.629799;-0.1506184;0.718882
2595671287;41.18622;-8.628613;-0.1505977;0.7188352
2595671289;41.18847;-8.631461;-0.1506474;0.7188745
2595671291;41.18764;-8.626354;-0.1505583;0.71886
2595671292;41.18813;-8.629619;-0.1506153;0.7188684
2595671294;41.186;-8.623672;-0.1505115;0.7188313
2595671295;41.18865;-8.629815;-0.1506187;0.7188776
2595671297;41.18849;-8.629761;-0.1506177;0.7188748
2595671298;41.18745;-8.626225;-0.150556;0.7188566
2595671302;41.18624;-8.628323;-0.1505926;0.7188356
2595671308;41.18864;-8.630946;-0.1506384;0.7188774
2595671310;41.18618;-8.628068;-0.1505882;0.7188345
2595671312;41.18706;-8.630399;-0.1506289;0.7188498
2595671324;41.18902;-8.629823;-0.1506188;0.7188841
2595671326;41.18636;-8.624072;-0.1505184;0.7188376
2595671328;41.18776;-8.629436;-0.1506121;0.718862
2595671330;41.18615;-8.62781;-0.1505837;0.7188339
2595671349;41.18828;-8.629688;-0.1506165;0.7188711
2595671352;41.18784;-8.631086;-0.1506409;0.7188635
2595671358;41.18746;-8.6261;-0.1505538;0.7188568
2595671360;41.18727;-8.630577;-0.150632;0.7188535
2595671369;41.18686;-8.628586;-0.1505972;0.7188463
2595671371;41.18601;-8.627261;-0.1505741;0.7188315
2595671377;41.1858;-8.623557;-0.1505095;0.7188278
2596033690;41.18149;-8.631653;-0.1506508;0.7187526
2596033708;41.18209;-8.631939;-0.1506558;0.7187632
2596033719;41.18289;-8.63201;-0.150657;0.7187771
2596033750;41.18174;-8.63062;-0.1506327;0.7187569
2596033799;41.18135;-8.632201;-0.1506603;0.7187502
2596033802;41.18235;-8.631966;-0.1506562;0.7187676
2596033806;41.18128;-8.631556;-0.1506491;0.7187489
2596033693;41.18488;-8.632504;-0.1506656;0.7188118
2596033738;41.1849;-8.632319;-0.1506624;0.7188122
2486710644;41.18017;-8.623034;-0.1505003;0.7187295
2486710645;41.18011;-8.623224;-0.1505037;0.7187285
2486710646;41.18009;-8.623277;-0.1505046;0.7187281
2486710647;41.18032;-8.622896;-0.1504979;0.7187322
2486710648;41.18019;-8.623469;-0.1505079;0.7187299
2486710649;41.18039;-8.622676;-0.1504941;0.7187334
2486710650;41.18047;-8.622557;-0.150492;0.7187347
2486710651;41.1803;-8.62322;-0.1505036;0.7187319
2486710652;41.18013;-8.62409;-0.1505188;0.7187288
2486710653;41.18013;-8.62434;-0.1505231;0.7187289
2486710654;41.17993;-8.62455;-0.1505268;0.7187253
2486710655;41.18436;-8.641859;-0.1508289;0.7188027
2486710656;41.18408;-8.643036;-0.1508494;0.7187977
2489677544;41.18123;-8.62213;-0.1504846;0.7187481
2489677546;41.18116;-8.622142;-0.1504848;0.7187469
2489677549;41.18106;-8.622151;-0.1504849;0.7187451
2489677550;41.18098;-8.622156;-0.150485;0.7187437
2489677552;41.1801;-8.62219;-0.1504856;0.7187283
2489677554;41.17991;-8.62223;-0.1504863;0.718725
2489677562;41.17941;-8.634362;-0.1506981;0.7187163
2489677563;41.17917;-8.634471;-0.1506999;0.7187121
2489677565;41.17905;-8.633563;-0.1506841;0.7187099
2489677567;41.17889;-8.633815;-0.1506885;0.7187072
2489677568;41.17868;-8.633647;-0.1506856;0.7187036
2489677570;41.17905;-8.632982;-0.150674;0.7187101
2489677571;41.1789;-8.632743;-0.1506698;0.7187074
2489677573;41.17875;-8.63264;-0.150668;0.7187047
2489677574;41.17874;-8.632533;-0.1506661;0.7187046
2489677577;41.17901;-8.628344;-0.150593;0.7187093
2489677579;41.17889;-8.628478;-0.1505954;0.7187072
2489677580;41.17881;-8.628569;-0.1505969;0.7187059
2489677582;41.17874;-8.628673;-0.1505987;0.7187046
2489677583;41.17867;-8.628752;-0.1506001;0.7187034
2489677585;41.1786;-8.628827;-0.1506014;0.7187021
2489677586;41.17851;-8.628909;-0.1506029;0.7187006
2489677588;41.17839;-8.629032;-0.150605;0.7186984
2489677590;41.17832;-8.629092;-0.1506061;0.7186973
3139458015;41.17928;-8.652384;-0.1510126;0.718714
2846609711;41.17845;-8.653862;-0.1510384;0.7186995
2873760966;41.1857;-8.624066;-0.1505184;0.7188261
2873760967;41.18578;-8.624106;-0.1505191;0.7188275
2873760968;41.18576;-8.624089;-0.1505187;0.7188271
2873760969;41.18536;-8.624065;-0.1505183;0.7188202
2873760970;41.18628;-8.624484;-0.1505256;0.7188362
2873760971;41.186;-8.624241;-0.1505214;0.7188314
2873760972;41.18552;-8.624063;-0.1505183;0.718823
2873760973;41.18617;-8.62439;-0.150524;0.7188342
2873760974;41.18559;-8.624066;-0.1505184;0.7188241
3092784203;41.17228;-8.622257;-0.1504868;0.7185919
3456445897;41.18106;-8.636117;-0.1507287;0.7187451
3456445898;41.18109;-8.636172;-0.1507296;0.7187456
3456445899;41.18111;-8.636113;-0.1507286;0.7187459
3139458004;41.18233;-8.638246;-0.1507658;0.7187673
3139458006;41.17981;-8.625549;-0.1505442;0.7187232
3139458024;41.18261;-8.618066;-0.1504136;0.7187721
3139458025;41.18259;-8.618208;-0.1504161;0.7187718
3139458229;41.18176;-8.637303;-0.1507494;0.7187573
3139458239;41.1825;-8.618367;-0.1504189;0.7187701
3139458243;41.18239;-8.618428;-0.15042;0.7187684
3139458246;41.1826;-8.618386;-0.1504192;0.7187719
3139458247;41.18169;-8.637263;-0.1507487;0.7187561
3139458248;41.18265;-8.618328;-0.1504182;0.7187729
3139458249;41.18227;-8.638377;-0.1507681;0.7187662
3139458252;41.18183;-8.637305;-0.1507494;0.7187585
3139458254;41.18172;-8.63704;-0.1507448;0.7187566
3139458261;41.18105;-8.636118;-0.1507287;0.7187448
3139458022;41.18191;-8.637263;-0.1507487;0.7187599
3139458023;41.1822;-8.638295;-0.1507667;0.718765
3139458284;41.18268;-8.618431;-0.15042;0.7187734
3139458289;41.18108;-8.636194;-0.15073;0.7187455
3139458293;41.17646;-8.622339;-0.1504882;0.7186648
3139458295;41.1817;-8.637161;-0.1507469;0.7187562
3149004909;41.18295;-8.634422;-0.1506991;0.718778
3149004910;41.18291;-8.634844;-0.1507065;0.7187774
3149004911;41.18319;-8.634879;-0.1507071;0.7187822
3149004912;41.1832;-8.634624;-0.1507026;0.7187825
3149004913;41.18293;-8.634583;-0.1507019;0.7187778
3149004915;41.18279;-8.633186;-0.1506775;0.7187753
3149004916;41.18279;-8.633359;-0.1506805;0.7187752
3149004917;41.18333;-8.633414;-0.1506815;0.7187846
3149004918;41.18337;-8.632886;-0.1506723;0.7187855
3149004919;41.18248;-8.633382;-0.1506809;0.7187698
3149004914;41.18345;-8.633276;-0.1506791;0.7187868
3166561407;41.1796;-8.651409;-0.1509956;0.7187197
3166562625;41.18015;-8.65047;-0.1509792;0.7187291
3166575044;41.17723;-8.640755;-0.1508096;0.7186783
3230631162;41.18017;-8.627523;-0.1505787;0.7187296
3230631163;41.18019;-8.624832;-0.1505317;0.7187299
3230631164;41.18023;-8.624915;-0.1505332;0.7187305
3230631165;41.18023;-8.624493;-0.1505258;0.7187306
3230631166;41.18028;-8.62446;-0.1505252;0.7187315
3230631167;41.18031;-8.624463;-0.1505253;0.718732
3230631168;41.18043;-8.628639;-0.1505982;0.7187341
3230631169;41.18058;-8.627112;-0.1505715;0.7187366
3230631170;41.18094;-8.62457;-0.1505271;0.718743
3230631171;41.18101;-8.624582;-0.1505274;0.7187442
3230631172;41.18166;-8.629203;-0.150608;0.7187555
3230631173;41.18172;-8.629117;-0.1506065;0.7187566
3230631174;41.18177;-8.628016;-0.1505873;0.7187575
3230631175;41.18178;-8.628555;-0.1505967;0.7187576
3230631176;41.18182;-8.628162;-0.1505898;0.7187583
3230631177;41.18185;-8.627896;-0.1505852;0.7187588
3230631178;41.18193;-8.628046;-0.1505878;0.7187602
3230631179;41.18193;-8.626987;-0.1505693;0.7187604
3230631180;41.18197;-8.625956;-0.1505513;0.718761
3230631181;41.182;-8.62709;-0.1505711;0.7187615
3230631182;41.18202;-8.626087;-0.1505536;0.7187619
3230631183;41.18205;-8.625834;-0.1505492;0.7187624
3230631184;41.18211;-8.625976;-0.1505517;0.7187635
3230631185;41.18226;-8.628654;-0.1505984;0.718766
3230631186;41.18227;-8.628597;-0.1505974;0.7187662
3230631187;41.18284;-8.628709;-0.1505994;0.7187761
3230631188;41.18285;-8.624425;-0.1505246;0.7187763
3230631189;41.18291;-8.628689;-0.150599;0.7187775
3230631190;41.18297;-8.628258;-0.1505915;0.7187784
3230631191;41.18314;-8.630593;-0.1506323;0.7187815
3230631192;41.18317;-8.630482;-0.1506303;0.718782
3230631193;41.18324;-8.625113;-0.1505366;0.718783
3230631194;41.18329;-8.624495;-0.1505258;0.718784
3230631195;41.18348;-8.628794;-0.1506009;0.7187873
3230631196;41.18383;-8.630903;-0.1506377;0.7187934
3230631197;41.18391;-8.625249;-0.150539;0.7187948
3230631198;41.18401;-8.630316;-0.1506274;0.7187965
3230631199;41.18409;-8.630302;-0.1506272;0.7187979
3230631200;41.1841;-8.630226;-0.1506259;0.7187981
3230631201;41.18871;-8.630993;-0.1506393;0.7188787
3230631202;41.18884;-8.629801;-0.1506184;0.7188809
2595671268;41.1873;-8.630469;-0.1506301;0.718854
2595671271;41.18716;-8.625705;-0.150547;0.7188516
3237191984;41.18264;-8.632887;-0.1506723;0.7187726
3237191985;41.18284;-8.632396;-0.1506637;0.7187762
3237191991;41.1838;-8.632846;-0.1506716;0.7187929
3237191995;41.18454;-8.631631;-0.1506504;0.7188058
3237191996;41.18477;-8.632977;-0.1506739;0.7188099
3237192002;41.18493;-8.633272;-0.150679;0.7188127
3241070503;41.17617;-8.634956;-0.1507084;0.7186598
3241070516;41.17679;-8.634896;-0.1507074;0.7186705
3241070525;41.17763;-8.633659;-0.1506858;0.7186852
3241140498;41.17984;-8.633268;-0.150679;0.7187238
3241140500;41.18011;-8.633822;-0.1506886;0.7187286
3241140501;41.18034;-8.634171;-0.1506947;0.7187325
3241140502;41.18179;-8.633485;-0.1506827;0.7187579
3241140503;41.18185;-8.633509;-0.1506831;0.7187589
3241140504;41.18187;-8.633172;-0.1506773;0.7187592
3241140505;41.18191;-8.633695;-0.1506864;0.71876
3241140506;41.18193;-8.633196;-0.1506777;0.7187603
3241140507;41.18199;-8.633882;-0.1506897;0.7187613
3241140508;41.18255;-8.633965;-0.1506911;0.7187712
3241140513;41.1834;-8.63478;-0.1507053;0.7187858
3241140514;41.18346;-8.632694;-0.1506689;0.718787
3241140515;41.18354;-8.632771;-0.1506703;0.7187884
3241140524;41.1848;-8.633407;-0.1506814;0.7188103
3241140525;41.18484;-8.633045;-0.1506751;0.718811
3241140526;41.18485;-8.632884;-0.1506723;0.7188112
3241140527;41.18494;-8.631899;-0.1506551;0.7188128
3241140532;41.18531;-8.632886;-0.1506723;0.7188193
3241140533;41.18539;-8.633128;-0.1506765;0.7188207
3241140540;41.18643;-8.634224;-0.1506956;0.7188388
3241140546;41.18731;-8.632386;-0.1506636;0.7188541
3241140547;41.18732;-8.634368;-0.1506982;0.7188544
3241140550;41.18737;-8.63332;-0.1506799;0.7188553
3241140551;41.18738;-8.63427;-0.1506964;0.7188554
3241140552;41.18738;-8.634163;-0.1506946;0.7188554
3241140553;41.18742;-8.633514;-0.1506833;0.7188561
3237191999;41.18481;-8.633307;-0.1506796;0.7188106
3237192001;41.18481;-8.633264;-0.1506789;0.7188106
3241140554;41.18743;-8.634374;-0.1506982;0.7188563
3241140559;41.18929;-8.635314;-0.1507147;0.7188886
3241162391;41.18529;-8.631819;-0.1506537;0.718819
3241162392;41.18535;-8.631362;-0.1506457;0.71882
3241162395;41.18542;-8.631589;-0.1506497;0.7188211
3241162397;41.18544;-8.631384;-0.1506461;0.7188216
3241162398;41.18546;-8.630576;-0.150632;0.7188219
3241162400;41.18581;-8.631688;-0.1506514;0.7188281
3241162402;41.18584;-8.631478;-0.1506477;0.7188286
3241162403;41.18587;-8.631959;-0.1506561;0.718829
3241162406;41.18592;-8.63067;-0.1506336;0.7188299
3241162407;41.18593;-8.631499;-0.1506481;0.7188301
3241162408;41.18593;-8.628809;-0.1506011;0.7188301
3241162410;41.18604;-8.630694;-0.150634;0.7188321
3241162411;41.18606;-8.629064;-0.1506056;0.7188324
3241162412;41.18617;-8.629395;-0.1506113;0.7188342
3241162413;41.18617;-8.629759;-0.1506177;0.7188343
3250683245;41.17865;-8.623901;-0.1505155;0.718703
3573222100;41.17934;-8.621136;-0.1504672;0.7187151
3573222101;41.17937;-8.62129;-0.1504699;0.7187156
3573222102;41.1794;-8.621254;-0.1504693;0.7187161
3573222103;41.17954;-8.621671;-0.1504765;0.7187186
3573222105;41.17961;-8.621748;-0.1504779;0.7187197
3573222106;41.17969;-8.621794;-0.1504787;0.7187212
3573222111;41.1798;-8.621792;-0.1504787;0.7187231
3573222120;41.18004;-8.623931;-0.150516;0.7187272
3573222122;41.18007;-8.621634;-0.1504759;0.7187278
3573222199;41.18217;-8.618376;-0.150419;0.7187645
3573222249;41.18308;-8.61415;-0.1503453;0.7187804
3573222257;41.18334;-8.633261;-0.1506788;0.7187849
2846609712;41.18268;-8.617498;-0.1504037;0.7187734
3139458251;41.18226;-8.638297;-0.1507667;0.7187661
3139458268;41.18175;-8.636992;-0.150744;0.7187572
3139458269;41.18115;-8.620546;-0.1504569;0.7187467
3241140499;41.18003;-8.633898;-0.1506899;0.7187271
3659217325;41.18899;-8.626457;-0.1505601;0.7188835
3897692305;41.18097;-8.649439;-0.1509612;0.7187434
3897692329;41.18107;-8.648823;-0.1509504;0.7187452
3897692340;41.18115;-8.648682;-0.150948;0.7187466
4004264453;41.18189;-8.627433;-0.1505771;0.7187596
4004264454;41.18171;-8.627401;-0.1505766;0.7187564
4004264455;41.18161;-8.627465;-0.1505777;0.7187548
4004264456;41.18092;-8.627489;-0.1505781;0.7187425
4004264457;41.18087;-8.627862;-0.1505846;0.7187418
4004264458;41.18051;-8.627809;-0.1505837;0.7187355
4004264459;41.18058;-8.627824;-0.1505839;0.7187368
4004264460;41.18185;-8.633034;-0.1506749;0.7187589
4004264461;41.18169;-8.630601;-0.1506324;0.7187561
4004264462;41.1818;-8.63008;-0.1506233;0.718758
4004264463;41.18168;-8.630035;-0.1506225;0.7187559
4004264464;41.18206;-8.630173;-0.1506249;0.7187625
4004264465;41.18213;-8.629833;-0.150619;0.7187638
4004265890;41.18258;-8.627151;-0.1505722;0.7187716
4004265891;41.18254;-8.627576;-0.1505796;0.718771
4004265892;41.18264;-8.627589;-0.1505798;0.7187726
4004265893;41.18267;-8.627159;-0.1505723;0.7187732
4004265894;41.1827;-8.6267;-0.1505643;0.7187738
4004265895;41.18262;-8.626694;-0.1505642;0.7187724
4004265896;41.18311;-8.627177;-0.1505726;0.7187809
4004265897;41.18298;-8.627571;-0.1505795;0.7187786
4004265898;41.18296;-8.627803;-0.1505836;0.7187783
4004265899;41.18299;-8.627896;-0.1505852;0.7187788
4004265918;41.17904;-8.63363;-0.1506853;0.7187098
4004265919;41.17915;-8.633702;-0.1506865;0.7187117
4004265920;41.1792;-8.633815;-0.1506885;0.7187126
